Each line present 4 years and how much BTC exist for miners: (data for 1000 cycle = 4000 years)

10500000
5250000
2625000
1312500
656250
328125
164062.5
82031.25
41015.625
20507.8125
10253.90625
5126.953125
2563.4765625
1281.73828125
640.869140625
320.4345703125
160.21728515625
80.108642578125
40.0543212890625
20.02716064453125
10.013580322265625
5.0067901611328125
2.5033950805664062
1.2516975402832031
0.6258487701416016
0.3129243850708008
0.1564621925354004
0.0782310962677002
0.0391155481338501
0.01955777406692505
0.009778887033462524
0.004889443516731262
0.002444721758365631
0.0012223608791828156
0.0006111804395914078
0.0003055902197957039
0.00015279510989785194
0.00007639755494892597
0.000038198777474462986
0.000019099388737231493
0.000009549694368615746
0.000004774847184307873
0.0000023874235921539366
0.0000011937117960769683
5.968558980384842e-7
2.984279490192421e-7
1.4921397450962104e-7
7.460698725481052e-8
3.730349362740526e-8
1.865174681370263e-8
9.325873406851315e-9
4.6629367034256575e-9
2.3314683517128287e-9
1.1657341758564144e-9
5.828670879282072e-10
2.914335439641036e-10
1.457167719820518e-10
7.28583859910259e-11
3.642919299551295e-11
1.8214596497756474e-11
9.107298248878237e-12
4.553649124439119e-12
2.2768245622195593e-12
1.1384122811097797e-12
5.692061405548898e-13
2.846030702774449e-13
1.4230153513872246e-13
7.115076756936123e-14
3.5575383784680614e-14
1.7787691892340307e-14
8.893845946170154e-15
4.446922973085077e-15
2.2234614865425384e-15
1.1117307432712692e-15
5.558653716356346e-16
2.779326858178173e-16
1.3896634290890865e-16
6.948317145445432e-17
3.474158572722716e-17
1.737079286361358e-17
8.68539643180679e-18
4.342698215903395e-18
2.1713491079516976e-18
1.0856745539758488e-18
5.428372769879244e-19
2.714186384939622e-19
1.357093192469811e-19
6.785465962349055e-20
3.3927329811745276e-20
1.6963664905872638e-20
8.481832452936319e-21
4.2409162264681595e-21
2.1204581132340797e-21
1.0602290566170399e-21
5.301145283085199e-22
2.6505726415425997e-22
1.3252863207712998e-22
6.626431603856499e-23
3.3132158019282496e-23
1.6566079009641248e-23
8.283039504820624e-24
4.141519752410312e-24
2.070759876205156e-24
1.035379938102578e-24
5.17689969051289e-25
2.588449845256445e-25
1.2942249226282225e-25
6.471124613141112e-26
3.235562306570556e-26
1.617781153285278e-26
8.08890576642639e-27
4.044452883213195e-27
2.0222264416065976e-27
1.0111132208032988e-27
5.055566104016494e-28
2.527783052008247e-28
1.2638915260041235e-28
6.319457630020618e-29
3.159728815010309e-29
1.5798644075051544e-29
7.899322037525772e-30
3.949661018762886e-30
1.974830509381443e-30
9.874152546907215e-31
4.9370762734536075e-31
2.4685381367268038e-31
1.2342690683634019e-31
6.171345341817009e-32
3.0856726709085047e-32
1.5428363354542524e-32
7.714181677271262e-33
3.857090838635631e-33
1.9285454193178154e-33
9.642727096589077e-34
4.821363548294539e-34
2.4106817741472693e-34
1.2053408870736347e-34
6.026704435368173e-35
3.0133522176840866e-35
1.5066761088420433e-35
7.533380544210217e-36
3.766690272105108e-36
1.883345136052554e-36
9.41672568026277e-37
4.708362840131385e-37
2.3541814200656927e-37
1.1770907100328463e-37
5.885453550164232e-38
2.942726775082116e-38
1.471363387541058e-38
7.35681693770529e-39
3.678408468852645e-39
1.8392042344263224e-39
9.196021172131612e-40
4.598010586065806e-40
2.299005293032903e-40
1.1495026465164515e-40
5.747513232582258e-41
2.873756616291129e-41
1.4368783081455644e-41
7.184391540727822e-42
3.592195770363911e-42
1.7960978851819555e-42
8.980489425909777e-43
4.490244712954889e-43
2.2451223564774443e-43
1.1225611782387222e-43
5.612805891193611e-44
2.8064029455968054e-44
1.4032014727984027e-44
7.016007363992014e-45
3.508003681996007e-45
1.7540018409980034e-45
8.770009204990017e-46
4.3850046024950085e-46
2.1925023012475042e-46
1.0962511506237521e-46
5.481255753118761e-47
2.7406278765593803e-47
1.3703139382796902e-47
6.851569691398451e-48
3.4257848456992254e-48
1.7128924228496127e-48
8.564462114248063e-49
4.282231057124032e-49
2.141115528562016e-49
1.070557764281008e-49
5.35278882140504e-50
2.67639441070252e-50
1.33819720535126e-50
6.6909860267563e-51
3.34549301337815e-51
1.672746506689075e-51
8.363732533445374e-52
4.181866266722687e-52
2.0909331333613436e-52
1.0454665666806718e-52
5.227332833403359e-53
2.6136664167016795e-53
1.3068332083508398e-53
6.534166041754199e-54
3.2670830208770994e-54
1.6335415104385497e-54
8.167707552192748e-55
4.083853776096374e-55
2.041926888048187e-55
1.0209634440240936e-55
5.104817220120468e-56
2.552408610060234e-56
1.276204305030117e-56
6.381021525150585e-57
3.1905107625752924e-57
1.5952553812876462e-57
7.976276906438231e-58
3.9881384532191155e-58
1.9940692266095577e-58
9.970346133047789e-59
4.985173066523894e-59
2.492586533261947e-59
1.2462932666309736e-59
6.231466333154868e-60
3.115733166577434e-60
1.557866583288717e-60
7.789332916443585e-61
3.8946664582217925e-61
1.9473332291108962e-61
9.736666145554481e-62
4.868333072777241e-62
2.4341665363886203e-62
1.2170832681943101e-62
6.085416340971551e-63
3.0427081704857754e-63
1.5213540852428877e-63
7.606770426214438e-64
3.803385213107219e-64
1.9016926065536096e-64
9.508463032768048e-65
4.754231516384024e-65
2.377115758192012e-65
1.188557879096006e-65
5.94278939548003e-66
2.971394697740015e-66
1.4856973488700075e-66
7.428486744350037e-67
3.714243372175019e-67
1.8571216860875094e-67
9.285608430437547e-68
4.6428042152187734e-68
2.3214021076093867e-68
1.1607010538046934e-68
5.803505269023467e-69
2.9017526345117334e-69
1.4508763172558667e-69
7.254381586279333e-70
3.627190793139667e-70
1.8135953965698334e-70
9.067976982849167e-71
4.5339884914245834e-71
2.2669942457122917e-71
1.1334971228561459e-71
5.667485614280729e-72
2.8337428071403646e-72
1.4168714035701823e-72
7.084357017850912e-73
3.542178508925456e-73
1.771089254462728e-73
8.85544627231364e-74
4.42772313615682e-74
2.21386156807841e-74
1.106930784039205e-74
5.534653920196025e-75
2.7673269600980123e-75
1.3836634800490062e-75
6.918317400245031e-76
3.4591587001225154e-76
1.7295793500612577e-76
8.647896750306289e-77
4.323948375153144e-77
2.161974187576572e-77
1.080987093788286e-77
5.40493546894143e-78
2.702467734470715e-78
1.3512338672353576e-78
6.756169336176788e-79
3.378084668088394e-79
1.689042334044197e-79
8.445211670220985e-80
4.2226058351104925e-80
2.1113029175552462e-80
1.0556514587776231e-80
5.278257293888116e-81
2.639128646944058e-81
1.319564323472029e-81
6.597821617360144e-82
3.298910808680072e-82
1.649455404340036e-82
8.24727702170018e-83
4.12363851085009e-83
2.061819255425045e-83
1.0309096277125226e-83
5.154548138562613e-84
2.5772740692813064e-84
1.2886370346406532e-84
6.443185173203266e-85
3.221592586601633e-85
1.6107962933008165e-85
8.053981466504083e-86
4.026990733252041e-86
2.0134953666260207e-86
1.0067476833130103e-86
5.033738416565052e-87
2.516869208282526e-87
1.258434604141263e-87
6.292173020706315e-88
3.146086510353157e-88
1.5730432551765786e-88
7.865216275882893e-89
3.9326081379414466e-89
1.9663040689707233e-89
9.831520344853616e-90
4.915760172426808e-90
2.457880086213404e-90
1.228940043106702e-90
6.14470021553351e-91
3.072350107766755e-91
1.5361750538833776e-91
7.680875269416888e-92
3.840437634708444e-92
1.920218817354222e-92
9.60109408677111e-93
4.800547043385555e-93
2.4002735216927775e-93
1.2001367608463887e-93
6.000683804231944e-94
3.000341902115972e-94
1.500170951057986e-94
7.50085475528993e-95
3.750427377644965e-95
1.8752136888224824e-95
9.376068444112412e-96
4.688034222056206e-96
2.344017111028103e-96
1.1720085555140515e-96
5.860042777570257e-97
2.9300213887851287e-97
1.4650106943925644e-97
7.325053471962822e-98
3.662526735981411e-98
1.8312633679907055e-98
9.156316839953527e-99
4.578158419976764e-99
2.289079209988382e-99
1.144539604994191e-99
5.722698024970955e-100
2.8613490124854773e-100
1.4306745062427386e-100
7.153372531213693e-101
3.5766862656068466e-101
1.7883431328034233e-101
8.941715664017117e-102
4.470857832008558e-102
2.235428916004279e-102
1.1177144580021396e-102
5.588572290010698e-103
2.794286145005349e-103
1.3971430725026745e-103
6.985715362513372e-104
3.492857681256686e-104
1.746428840628343e-104
8.732144203141715e-105
4.366072101570858e-105
2.183036050785429e-105
1.0915180253927144e-105
5.457590126963572e-106
2.728795063481786e-106
1.364397531740893e-106
6.821987658704465e-107
3.4109938293522326e-107
1.7054969146761163e-107
8.527484573380581e-108
4.263742286690291e-108
2.1318711433451453e-108
1.0659355716725727e-108
5.329677858362863e-109
2.6648389291814317e-109
1.3324194645907158e-109
6.662097322953579e-110
3.3310486614767896e-110
1.6655243307383948e-110
8.327621653691974e-111
4.163810826845987e-111
2.0819054134229935e-111
1.0409527067114968e-111
5.204763533557484e-112
2.602381766778742e-112
1.301190883389371e-112
6.505954416946855e-113
3.2529772084734273e-113
1.6264886042367137e-113
8.132443021183568e-114
4.066221510591784e-114
2.033110755295892e-114
1.016555377647946e-114
5.08277688823973e-115
2.541388444119865e-115
1.2706942220599326e-115
6.353471110299663e-116
3.1767355551498314e-116
1.5883677775749157e-116
7.941838887874578e-117
3.970919443937289e-117
1.9854597219686446e-117
9.927298609843223e-118
4.9636493049216116e-118
2.4818246524608058e-118
1.2409123262304029e-118
6.204561631152014e-119
3.102280815576007e-119
1.5511404077880036e-119
7.755702038940018e-120
3.877851019470009e-120
1.9389255097350045e-120
9.694627548675023e-121
4.847313774337511e-121
2.4236568871687556e-121
1.2118284435843778e-121
6.059142217921889e-122
3.0295711089609446e-122
1.5147855544804723e-122
7.573927772402361e-123
3.786963886201181e-123
1.8934819431005903e-123
9.467409715502952e-124
4.733704857751476e-124
2.366852428875738e-124
1.183426214437869e-124
5.917131072189345e-125
2.9585655360946724e-125
1.4792827680473362e-125
7.396413840236681e-126
3.6982069201183405e-126
1.8491034600591703e-126
9.245517300295851e-127
4.622758650147926e-127
2.311379325073963e-127
1.1556896625369814e-127
5.778448312684907e-128
2.8892241563424535e-128
1.4446120781712268e-128
7.223060390856134e-129
3.611530195428067e-129
1.8057650977140335e-129
9.028825488570167e-130
4.514412744285084e-130
2.257206372142542e-130
1.128603186071271e-130
5.643015930356355e-131
2.8215079651781773e-131
1.4107539825890886e-131
7.053769912945443e-132
3.5268849564727216e-132
1.7634424782363608e-132
8.817212391181804e-133
4.408606195590902e-133
2.204303097795451e-133
1.1021515488977255e-133
5.5107577444886275e-134
2.7553788722443137e-134
1.3776894361221569e-134
6.888447180610784e-135
3.444223590305392e-135
1.722111795152696e-135
8.61055897576348e-136
4.30527948788174e-136
2.15263974394087e-136
1.076319871970435e-136
5.381599359852175e-137
2.6907996799260876e-137
1.3453998399630438e-137
6.726999199815219e-138
3.3634995999076096e-138
1.6817497999538048e-138
8.408748999769024e-139
4.204374499884512e-139
2.102187249942256e-139
1.051093624971128e-139
5.25546812485564e-140
2.62773406242782e-140
1.31386703121391e-140
6.56933515606955e-141
3.284667578034775e-141
1.6423337890173875e-141
8.211668945086937e-142
4.105834472543469e-142
2.0529172362717343e-142
1.0264586181358672e-142
5.132293090679336e-143
2.566146545339668e-143
1.283073272669834e-143
6.41536636334917e-144
3.207683181674585e-144
1.6038415908372925e-144
8.019207954186462e-145
4.009603977093231e-145
2.0048019885466156e-145
1.0024009942733078e-145
5.012004971366539e-146
2.5060024856832695e-146
1.2530012428416347e-146
6.265006214208174e-147
3.132503107104087e-147
1.5662515535520434e-147
7.831257767760217e-148
3.9156288838801085e-148
1.9578144419400543e-148
9.789072209700271e-149
4.894536104850136e-149
2.447268052425068e-149
1.223634026212534e-149
6.11817013106267e-150
3.059085065531335e-150
1.5295425327656674e-150
7.647712663828337e-151
3.8238563319141685e-151
1.9119281659570842e-151
9.559640829785421e-152
4.779820414892711e-152
2.3899102074463553e-152
1.1949551037231777e-152
5.974775518615888e-153
2.987387759307944e-153
1.493693879653972e-153
7.46846939826986e-154
3.73423469913493e-154
1.867117349567465e-154
9.335586747837325e-155
4.667793373918663e-155
2.3338966869593314e-155
1.1669483434796657e-155
5.834741717398328e-156
2.917370858699164e-156
1.458685429349582e-156
7.29342714674791e-157
3.646713573373955e-157
1.8233567866869776e-157
9.116783933434888e-158
4.558391966717444e-158
2.279195983358722e-158
1.139597991679361e-158
5.697989958396805e-159
2.8489949791984025e-159
1.4244974895992013e-159
7.122487447996006e-160
3.561243723998003e-160
1.7806218619990016e-160
8.903109309995008e-161
4.451554654997504e-161
2.225777327498752e-161
1.112888663749376e-161
5.56444331874688e-162
2.78222165937344e-162
1.39111082968672e-162
6.9555541484336e-163
3.4777770742168e-163
1.7388885371084e-163
8.694442685542e-164
4.347221342771e-164
2.1736106713855e-164
1.08680533569275e-164
5.43402667846375e-165
2.717013339231875e-165
1.3585066696159375e-165
6.792533348079687e-166
3.396266674039844e-166
1.698133337019922e-166
8.49066668509961e-167
4.245333342549805e-167
2.1226666712749023e-167
1.0613333356374512e-167
5.306666678187256e-168
2.653333339093628e-168
1.326666669546814e-168
6.63333334773407e-169
3.316666673867035e-169
1.6583333369335174e-169
8.291666684667587e-170
4.1458333423337936e-170
2.0729166711668968e-170
1.0364583355834484e-170
5.182291677917242e-171
2.591145838958621e-171
1.2955729194793105e-171
6.477864597396553e-172
3.238932298698276e-172
1.619466149349138e-172
8.09733074674569e-173
4.048665373372845e-173
2.0243326866864227e-173
1.0121663433432113e-173
5.060831716716057e-174
2.5304158583580283e-174
1.2652079291790142e-174
6.326039645895071e-175
3.1630198229475354e-175
1.5815099114737677e-175
7.907549557368839e-176
3.953774778684419e-176
1.9768873893422096e-176
9.884436946711048e-177
4.942218473355524e-177
2.471109236677762e-177
1.235554618338881e-177
6.177773091694405e-178
3.0888865458472025e-178
1.5444432729236013e-178
7.722216364618006e-179
3.861108182309003e-179
1.9305540911545016e-179
9.652770455772508e-180
4.826385227886254e-180
2.413192613943127e-180
1.2065963069715635e-180
6.032981534857817e-181
3.016490767428909e-181
1.5082453837144544e-181
7.541226918572272e-182
3.770613459286136e-182
1.885306729643068e-182
9.42653364821534e-183
4.71326682410767e-183
2.356633412053835e-183
1.1783167060269175e-183
5.891583530134587e-184
2.9457917650672937e-184
1.4728958825336468e-184
7.364479412668234e-185
3.682239706334117e-185
1.8411198531670586e-185
9.205599265835293e-186
4.602799632917646e-186
2.301399816458823e-186
1.1506999082294116e-186
5.753499541147058e-187
2.876749770573529e-187
1.4383748852867645e-187
7.191874426433822e-188
3.595937213216911e-188
1.7979686066084556e-188
8.989843033042278e-189
4.494921516521139e-189
2.2474607582605695e-189
1.1237303791302848e-189
5.618651895651424e-190
2.809325947825712e-190
1.404662973912856e-190
7.02331486956428e-191
3.51165743478214e-191
1.75582871739107e-191
8.77914358695535e-192
4.389571793477675e-192
2.1947858967388374e-192
1.0973929483694187e-192
5.486964741847094e-193
2.743482370923547e-193
1.3717411854617734e-193
6.858705927308867e-194
3.4293529636544335e-194
1.7146764818272167e-194
8.573382409136084e-195
4.286691204568042e-195
2.143345602284021e-195
1.0716728011420105e-195
5.358364005710052e-196
2.679182002855026e-196
1.339591001427513e-196
6.697955007137565e-197
3.3489775035687827e-197
1.6744887517843913e-197
8.372443758921957e-198
4.186221879460978e-198
2.093110939730489e-198
1.0465554698652446e-198
5.232777349326223e-199
2.6163886746631115e-199
1.3081943373315557e-199
6.540971686657779e-200
3.2704858433288893e-200
1.6352429216644447e-200
8.176214608322223e-201
4.088107304161112e-201
2.044053652080556e-201
1.022026826040278e-201
5.11013413020139e-202
2.555067065100695e-202
1.2775335325503474e-202
6.387667662751737e-203
3.1938338313758685e-203
1.5969169156879343e-203
7.984584578439671e-204
3.9922922892198356e-204
1.9961461446099178e-204
9.980730723049589e-205
4.9903653615247945e-205
2.4951826807623973e-205
1.2475913403811986e-205
6.237956701905993e-206
3.1189783509529966e-206
1.5594891754764983e-206
7.797445877382491e-207
3.898722938691246e-207
1.949361469345623e-207
9.746807346728114e-208
4.873403673364057e-208
2.4367018366820286e-208
1.2183509183410143e-208
6.091754591705071e-209
3.0458772958525357e-209
1.5229386479262679e-209
7.614693239631339e-210
3.8073466198156697e-210
1.9036733099078348e-210
9.518366549539174e-211
4.759183274769587e-211
2.3795916373847935e-211
1.1897958186923968e-211
5.948979093461984e-212
2.974489546730992e-212
1.487244773365496e-212
7.43622386682748e-213
3.71811193341374e-213
1.85905596670687e-213
9.29527983353435e-214
4.647639916767175e-214
2.3238199583835874e-214
1.1619099791917937e-214
5.809549895958969e-215
2.9047749479794843e-215
1.4523874739897421e-215
7.261937369948711e-216
3.6309686849743554e-216
1.8154843424871777e-216
9.077421712435888e-217
4.538710856217944e-217
2.269355428108972e-217
1.134677714054486e-217
5.67338857027243e-218
2.836694285136215e-218
1.4183471425681076e-218
7.091735712840538e-219
3.545867856420269e-219
1.7729339282101345e-219
8.864669641050672e-220
4.432334820525336e-220
2.216167410262668e-220
1.108083705131334e-220
5.54041852565667e-221
2.770209262828335e-221
1.3851046314141675e-221
6.925523157070838e-222
3.462761578535419e-222
1.7313807892677094e-222
8.656903946338547e-223
4.3284519731692736e-223
2.1642259865846368e-223
1.0821129932923184e-223
5.410564966461592e-224
2.705282483230796e-224
1.352641241615398e-224
6.76320620807699e-225
3.381603104038495e-225
1.6908015520192475e-225
8.454007760096237e-226
4.227003880048119e-226
2.1135019400240594e-226
1.0567509700120297e-226
5.283754850060148e-227
2.641877425030074e-227
1.320938712515037e-227
6.604693562575186e-228
3.302346781287593e-228
1.6511733906437964e-228
8.255866953218982e-229
4.127933476609491e-229
2.0639667383047455e-229
1.0319833691523727e-229
5.159916845761864e-230
2.579958422880932e-230
1.289979211440466e-230
6.44989605720233e-231
3.224948028601165e-231
1.6124740143005824e-231
8.062370071502912e-232
4.031185035751456e-232
2.015592517875728e-232
1.007796258937864e-232
5.03898129468932e-233
2.51949064734466e-233
1.25974532367233e-233
6.29872661836165e-234
3.149363309180825e-234
1.5746816545904125e-234
7.873408272952063e-235
3.936704136476031e-235
1.9683520682380156e-235
9.841760341190078e-236
4.920880170595039e-236
2.4604400852975195e-236
1.2302200426487598e-236
6.151100213243799e-237
3.0755501066218994e-237
1.5377750533109497e-237
7.688875266554749e-238
3.844437633277374e-238
1.922218816638687e-238
9.611094083193436e-239
4.805547041596718e-239
2.402773520798359e-239
1.2013867603991795e-239
6.006933801995897e-240
3.0034669009979487e-240
1.5017334504989743e-240
7.508667252494872e-241
3.754333626247436e-241
1.877166813123718e-241
9.38583406561859e-242
4.692917032809295e-242
2.3464585164046474e-242
1.1732292582023237e-242
5.866146291011618e-243
2.933073145505809e-243
1.4665365727529046e-243
7.332682863764523e-244
3.6663414318822615e-244
1.8331707159411308e-244
9.165853579705654e-245
4.582926789852827e-245
2.2914633949264135e-245
1.1457316974632067e-245
5.728658487316034e-246
2.864329243658017e-246
1.4321646218290084e-246
7.160823109145042e-247
3.580411554572521e-247
1.7902057772862605e-247
8.951028886431303e-248
4.475514443215651e-248
2.2377572216078256e-248
1.1188786108039128e-248
5.594393054019564e-249
2.797196527009782e-249
1.398598263504891e-249
6.992991317524455e-250
3.4964956587622276e-250
1.7482478293811138e-250
8.741239146905569e-251
4.3706195734527845e-251
2.1853097867263922e-251
1.0926548933631961e-251
5.463274466815981e-252
2.7316372334079903e-252
1.3658186167039951e-252
6.829093083519976e-253
3.414546541759988e-253
1.707273270879994e-253
8.53636635439997e-254
4.268183177199985e-254
2.1340915885999924e-254
1.0670457942999962e-254
5.335228971499981e-255
2.6676144857499905e-255
1.3338072428749953e-255
6.669036214374976e-256
3.334518107187488e-256
1.667259053593744e-256
8.33629526796872e-257
4.16814763398436e-257
2.08407381699218e-257
1.04203690849609e-257
5.21018454248045e-258
2.605092271240225e-258
1.3025461356201126e-258
6.512730678100563e-259
3.2563653390502814e-259
1.6281826695251407e-259
8.140913347625703e-260
4.070456673812852e-260
2.035228336906426e-260
1.017614168453213e-260
5.088070842266065e-261
2.5440354211330323e-261
1.2720177105665162e-261
6.360088552832581e-262
3.1800442764162904e-262
1.5900221382081452e-262
7.950110691040726e-263
3.975055345520363e-263
1.9875276727601815e-263
9.937638363800908e-264
4.968819181900454e-264
2.484409590950227e-264
1.2422047954751134e-264
6.211023977375567e-265
3.1055119886877836e-265
1.5527559943438918e-265
7.763779971719459e-266
3.8818899858597295e-266
1.9409449929298648e-266
9.704724964649324e-267
4.852362482324662e-267
2.426181241162331e-267
1.2130906205811655e-267
6.065453102905827e-268
3.0327265514529137e-268
1.5163632757264568e-268
7.581816378632284e-269
3.790908189316142e-269
1.895454094658071e-269
9.477270473290355e-270
4.738635236645178e-270
2.369317618322589e-270
1.1846588091612944e-270
5.923294045806472e-271
2.961647022903236e-271
1.480823511451618e-271
7.40411755725809e-272
3.702058778629045e-272
1.8510293893145225e-272
9.255146946572613e-273
4.627573473286306e-273
2.313786736643153e-273
1.1568933683215766e-273
5.784466841607883e-274
2.8922334208039414e-274
1.4461167104019707e-274
7.230583552009854e-275
3.615291776004927e-275
1.8076458880024634e-275
9.038229440012317e-276
4.5191147200061585e-276
2.2595573600030792e-276
1.1297786800015396e-276
5.648893400007698e-277
2.824446700003849e-277
1.4122233500019245e-277
7.061116750009623e-278
3.5305583750048113e-278
1.7652791875024057e-278
8.826395937512028e-279
4.413197968756014e-279
2.206598984378007e-279
1.1032994921890035e-279
5.516497460945018e-280
2.758248730472509e-280
1.3791243652362544e-280
6.895621826181272e-281
3.447810913090636e-281
1.723905456545318e-281
8.61952728272659e-282
4.309763641363295e-282
2.1548818206816475e-282
1.0774409103408238e-282
5.387204551704119e-283
2.6936022758520594e-283
1.3468011379260297e-283
6.734005689630149e-284
3.367002844815074e-284
1.683501422407537e-284
8.417507112037686e-285
4.208753556018843e-285
2.1043767780094214e-285
1.0521883890047107e-285
5.260941945023554e-286
2.630470972511777e-286
1.3152354862558884e-286
6.576177431279442e-287
3.288088715639721e-287
1.6440443578198605e-287
8.220221789099302e-288
4.110110894549651e-288
2.0550554472748256e-288
1.0275277236374128e-288
5.137638618187064e-289
2.568819309093532e-289
1.284409654546766e-289
6.42204827273383e-290
3.211024136366915e-290
1.6055120681834575e-290
8.027560340917288e-291
4.013780170458644e-291
2.006890085229322e-291
1.003445042614661e-291
5.017225213073305e-292
2.5086126065366523e-292
1.2543063032683262e-292
6.271531516341631e-293
3.1357657581708154e-293
1.5678828790854077e-293
7.839414395427039e-294
3.919707197713519e-294
1.9598535988567596e-294